
1646557809.4080143 14.00
1646560899.6060412 15.00
1646564499.700491 15.00
1646568098.8039956 15.00
1646571698.7617984 16.00
1646575299.8370965 17.00
1646578903.9825187 0.00
1646582499.457771 17.00
1646586099.3569636 17.00
1646589698.6863909 16.00
1646593301.1220558 15.00
1646596899.0291717 15.00
1646600496.4346728 15.00
1646604096.5766442 14.00
1646607696.328208 14.00
1646611298.3436859 14.00
1646614898.363295 13.00
1646618501.973019 13.00
1646625698.513462 12.00
1646629297.522588 12.00
1646632896.62328 12.00
1646636500.5959184 11.00
1646640105.5742264 0.00
