1620893079.07 0.00 0.98 0.00 0.00 0.00
1620893081.37 0.00 0.98 0.00 0.00 0.00
1620893083.67 0.00 0.98 0.00 0.00 0.00
1620893085.97 0.00 0.98 0.00 0.00 0.00
1620893088.26 0.00 0.98 0.00 0.00 0.00
1620893090.56 0.00 0.98 0.00 0.00 0.00
1620893092.85 0.00 0.98 0.00 0.00 0.00
1620893095.15 0.00 0.98 0.00 0.00 0.00
1620893097.44 0.00 0.98 0.00 0.00 0.00
1620893099.74 0.00 0.98 0.00 0.00 0.00
1620893673.39 0.00 0.98 0.00 0.00 0.00
1620896495.37 0.00 0.98 0.00 0.00 0.00
1620900096.19 0.00 0.98 0.00 0.00 0.00
1620903695.95 0.00 0.98 0.00 0.00 0.00
1620907295.45 0.00 0.98 0.00 0.00 0.00
1620910896.26 0.00 0.98 0.00 0.00 0.00
1620914495.54 0.00 0.98 0.00 0.00 0.00
1620918095.45 0.00 0.98 0.00 0.00 0.00
1620921695.45 0.00 0.98 0.00 0.00 0.00
1620925295.84 0.00 0.98 0.00 0.00 0.00
1620928895.74 0.00 0.98 0.00 0.00 0.00
1620931413.63 0.00 0.98 0.00 0.00 0.00
1620932794.06 0.00 0.98 0.00 0.00 0.00
